9780785144342
9780785129769
9780785155478
9780785117216
9780785121794
9780785163183
9780785129035
9780785129028
9780785155669
9780785129011
9780785118206
9780785162056
9780785159025
9780785149026
9780785140795
9780785142287
9780785132974
9780785184232
9780785156598
978078514633
9780785159377
9780785168508
9780785197690
9780785137061
9780785164890
9780785156505
9780785183792
9780785156178
9780785143413
9780785155171
9780785192725
9780785134794
9780785192978
9780785193111
9780785163367
9780785163350
9780785149514
9780785163343
9780785149507
9780785143888
9780785120124
9780785125969
9780785192190
9780785190639
9780785190646
9780785185680
9780785125068
9780785185420
9780785145530
9780785142959
9780785142577
9780785131717
9780785132981
9780785125211
9780785122906
9780785119074
9780785189442
9780785190165
9780785192541
9780785154440
9780785154433
9780785185529
9780785185444
9780785142638
9780785158493
9780785134503
9780785159674
9780785193166
9780785155232
9780785158158
9780785148036
9780785147602
9780785147589
9780785138655
9780785138648
9780785114925
9780785154204
9780785167235
9780785184126
9780785161462
9780785190653
9780785184348
9780785166931
9780785166924
9780785161240
9780785115243
9780785109341
9780785156390
9780785164531
9780785184386